{
  "cells": [
    {
      "cell_type": "markdown",
      "metadata": {
        "id": "view-in-github",
        "colab_type": "text"
      },
      "source": [
        "<a href=\"https://colab.research.google.com/github/neerajac19/cardiovascular-risk-prediction/blob/main/cardiovascular_risk_prediction.ipynb\" target=\"_parent\"><img src=\"https://colab.research.google.com/assets/colab-badge.svg\" alt=\"Open In Colab\"/></a>"
      ]
    },
    {
      "cell_type": "markdown",
      "source": [
        "# **Introduction**\n",
        "\n",
        "***World Health Organization has estimated 12 million deaths occur worldwide, every year due to Heart diseases. Half the deaths in the United States and other developed countries are due to cardio vascular diseases. The early prognosis of cardiovascular diseases can aid in making decisions on lifestyle changes in high risk patients and in turn reduce the complications.***\n",
        "\n"
      ],
      "metadata": {
        "id": "NQqo9QVQToOh"
      }
    },
    {
      "cell_type": "markdown",
      "metadata": {
        "id": "VDLcGa-QYfi9"
      },
      "source": [
        "• Sex: male or female(\"M\" or \"F\")\n",
        "\n",
        "• Age: Age of the patient;(Continuous - Although the recorded ages have been truncated to whole numbers, the concept of age is continuous)\n",
        "Behavioral\n",
        "\n",
        "• is_smoking: whether or not the patient is a current smoker (\"YES\" or \"NO\")\n",
        "\n",
        "• Cigs Per Day: the number of cigarettes that the person smoked on average in one day.(can beconsidered continuous as one can have any number of cigarettes, even half a cigarette.)\n",
        "\n",
        "Medical( history)\n",
        "\n",
        "• BP Meds: whether or not the patient was on blood pressure medication (Nominal)\n",
        "\n",
        "• Prevalent Stroke: whether or not the patient had previously had a stroke (Nominal)\n",
        "\n",
        "• Prevalent Hyp: whether or not the patient was hypertensive (Nominal)\n",
        "\n",
        "• Diabetes: whether or not the patient had diabetes (Nominal)\n",
        "\n",
        "Medical(current)\n",
        "\n",
        "• Tot Chol: total cholesterol level (Continuous)\n",
        "\n",
        "• Sys BP: systolic blood pressure (Continuous)\n",
        "\n",
        "• Dia BP: diastolic blood pressure (Continuous)\n",
        "\n",
        "• BMI: Body Mass Index (Continuous)\n",
        "\n",
        "• Heart Rate: heart rate (Continuous - In medical research, variables such as heart rate though in fact discrete, yet are considered continuous because of large number of possible values.)\n",
        "\n",
        "• Glucose: glucose level (Continuous)"
      ]
    },
    {
      "cell_type": "code",
      "execution_count": 1,
      "metadata": {
        "id": "Lp61ICkdxrCE"
      },
      "outputs": [],
      "source": [
        "import numpy as np\n",
        "import pandas as pd\n",
        "from numpy import math\n",
        "import seaborn as sns\n",
        "import matplotlib.pyplot as plt\n",
        "import plotly.express as px\n",
        "from matplotlib import rcParams\n",
        "from matplotlib.cm import rainbow\n",
        "%matplotlib inline\n",
        "from sklearn.neighbors import KNeighborsClassifier\n",
        "from sklearn.ensemble import RandomForestClassifier\n",
        "from sklearn.tree import DecisionTreeClassifier\n",
        "from sklearn.impute import SimpleImputer\n",
        "from sklearn.linear_model import LogisticRegression\n",
        "from sklearn import svm\n",
        "from sklearn.metrics import roc_auc_score, confusion_matrix, accuracy_score, roc_curve\n",
        "from sklearn.model_selection import KFold\n",
        "from sklearn.model_selection import cross_val_score\n",
        "from sklearn.preprocessing import StandardScaler\n",
        "from sklearn.model_selection import GridSearchCV\n",
        "from sklearn.model_selection import train_test_split\n",
        "import warnings\n",
        "warnings.filterwarnings('ignore')"
      ]
    },
    {
      "cell_type": "code",
      "source": [
        "from google.colab import drive\n",
        "drive.mount('/content/drive')"
      ],
      "metadata": {
        "colab": {
          "base_uri": "https://localhost:8080/"
        },
        "id": "0UR28r5bhoI9",
        "outputId": "09fee9b5-1ac9-42fb-e034-ecf2e1d4d37c"
      },
      "execution_count": 2,
      "outputs": [
        {
          "output_type": "stream",
          "name": "stdout",
          "text": [
            "Mounted at /content/drive\n"
          ]
        }
      ]
    },
    {
      "cell_type": "code",
      "execution_count": 3,
      "metadata": {
        "id": "8CrvKlP9Ptei"
      },
      "outputs": [],
      "source": [
        "#Importing the dataset\n",
        "dataset = pd.read_csv('/content/drive/MyDrive/Colab Notebooks/Module4/Week 2/Capstone Project/Copy of data_cardiovascular_risk.csv')"
      ]
    },
    {
      "cell_type": "code",
      "source": [
        "dataset1 = dataset.copy()"
      ],
      "metadata": {
        "id": "zUAfN15S8ob_"
      },
      "execution_count": 4,
      "outputs": []
    },
    {
      "cell_type": "code",
      "execution_count": 5,
      "metadata": {
        "colab": {
          "base_uri": "https://localhost:8080/",
          "height": 206
        },
        "id": "su6EkMPYQ3w6",
        "outputId": "421009ad-84c0-408b-f241-d4453e844c87"
      },
      "outputs": [
        {
          "output_type": "execute_result",
          "data": {
            "text/plain": [
              "   id  age  education sex is_smoking  cigsPerDay  BPMeds  prevalentStroke  \\\n",
              "0   0   64        2.0   F        YES         3.0     0.0                0   \n",
              "1   1   36        4.0   M         NO         0.0     0.0                0   \n",
              "2   2   46        1.0   F        YES        10.0     0.0                0   \n",
              "3   3   50        1.0   M        YES        20.0     0.0                0   \n",
              "4   4   64        1.0   F        YES        30.0     0.0                0   \n",
              "\n",
              "   prevalentHyp  diabetes  totChol  sysBP  diaBP    BMI  heartRate  glucose  \\\n",
              "0             0         0    221.0  148.0   85.0    NaN       90.0     80.0   \n",
              "1             1         0    212.0  168.0   98.0  29.77       72.0     75.0   \n",
              "2             0         0    250.0  116.0   71.0  20.35       88.0     94.0   \n",
              "3             1         0    233.0  158.0   88.0  28.26       68.0     94.0   \n",
              "4             0         0    241.0  136.5   85.0  26.42       70.0     77.0   \n",
              "\n",
              "   TenYearCHD  \n",
              "0           1  \n",
              "1           0  \n",
              "2           0  \n",
              "3           1  \n",
              "4           0  "
            ],
            "text/html": [
              "\n",
              "  <div id=\"df-277de2cf-fe8f-4fe1-a5d2-bd5182996a9f\">\n",
              "    <div class=\"colab-df-container\">\n",
              "      <div>\n",
              "<style scoped>\n",
              "    .dataframe tbody tr th:only-of-type {\n",
              "        vertical-align: middle;\n",
              "    }\n",
              "\n",
              "    .dataframe tbody tr th {\n",
              "        vertical-align: top;\n",
              "    }\n",
              "\n",
              "    .dataframe thead th {\n",
              "        text-align: right;\n",
              "    }\n",
              "</style>\n",
              "<table border=\"1\" class=\"dataframe\">\n",
              "  <thead>\n",
              "    <tr style=\"text-align: right;\">\n",
              "      <th></th>\n",
              "      <th>id</th>\n",
              "      <th>age</th>\n",
              "      <th>education</th>\n",
              "      <th>sex</th>\n",
              "      <th>is_smoking</th>\n",
              "      <th>cigsPerDay</th>\n",
              "      <th>BPMeds</th>\n",
              "      <th>prevalentStroke</th>\n",
              "      <th>prevalentHyp</th>\n",
              "      <th>diabetes</th>\n",
              "      <th>totChol</th>\n",
              "      <th>sysBP</th>\n",
              "      <th>diaBP</th>\n",
              "      <th>BMI</th>\n",
              "      <th>heartRate</th>\n",
              "      <th>glucose</th>\n",
              "      <th>TenYearCHD</th>\n",
              "    </tr>\n",
              "  </thead>\n",
              "  <tbody>\n",
              "    <tr>\n",
              "      <th>0</th>\n",
              "      <td>0</td>\n",
              "      <td>64</td>\n",
              "      <td>2.0</td>\n",
              "      <td>F</td>\n",
              "      <td>YES</td>\n",
              "      <td>3.0</td>\n",
              "      <td>0.0</td>\n",
              "      <td>0</td>\n",
              "      <td>0</td>\n",
              "      <td>0</td>\n",
              "      <td>221.0</td>\n",
              "      <td>148.0</td>\n",
              "      <td>85.0</td>\n",
              "      <td>NaN</td>\n",
              "      <td>90.0</td>\n",
              "      <td>80.0</td>\n",
              "      <td>1</td>\n",
              "    </tr>\n",
              "    <tr>\n",
              "      <th>1</th>\n",
              "      <td>1</td>\n",
              "      <td>36</td>\n",
              "      <td>4.0</td>\n",
              "      <td>M</td>\n",
              "      <td>NO</td>\n",
              "      <td>0.0</td>\n",
              "      <td>0.0</td>\n",
              "      <td>0</td>\n",
              "      <td>1</td>\n",
              "      <td>0</td>\n",
              "      <td>212.0</td>\n",
              "      <td>168.0</td>\n",
              "      <td>98.0</td>\n",
              "      <td>29.77</td>\n",
              "      <td>72.0</td>\n",
              "      <td>75.0</td>\n",
              "      <td>0</td>\n",
              "    </tr>\n",
              "    <tr>\n",
              "      <th>2</th>\n",
              "      <td>2</td>\n",
              "      <td>46</td>\n",
              "      <td>1.0</td>\n",
              "      <td>F</td>\n",
              "      <td>YES</td>\n",
              "      <td>10.0</td>\n",
              "      <td>0.0</td>\n",
              "      <td>0</td>\n",
              "      <td>0</td>\n",
              "      <td>0</td>\n",
              "      <td>250.0</td>\n",
              "      <td>116.0</td>\n",
              "      <td>71.0</td>\n",
              "      <td>20.35</td>\n",
              "      <td>88.0</td>\n",
              "      <td>94.0</td>\n",
              "      <td>0</td>\n",
              "    </tr>\n",
              "    <tr>\n",
              "      <th>3</th>\n",
              "      <td>3</td>\n",
              "      <td>50</td>\n",
              "      <td>1.0</td>\n",
              "      <td>M</td>\n",
              "      <td>YES</td>\n",
              "      <td>20.0</td>\n",
              "      <td>0.0</td>\n",
              "      <td>0</td>\n",
              "      <td>1</td>\n",
              "      <td>0</td>\n",
              "      <td>233.0</td>\n",
              "      <td>158.0</td>\n",
              "      <td>88.0</td>\n",
              "      <td>28.26</td>\n",
              "      <td>68.0</td>\n",
              "      <td>94.0</td>\n",
              "      <td>1</td>\n",
              "    </tr>\n",
              "    <tr>\n",
              "      <th>4</th>\n",
              "      <td>4</td>\n",
              "      <td>64</td>\n",
              "      <td>1.0</td>\n",
              "      <td>F</td>\n",
              "      <td>YES</td>\n",
              "      <td>30.0</td>\n",
              "      <td>0.0</td>\n",
              "      <td>0</td>\n",
              "      <td>0</td>\n",
              "      <td>0</td>\n",
              "      <td>241.0</td>\n",
              "      <td>136.5</td>\n",
              "      <td>85.0</td>\n",
              "      <td>26.42</td>\n",
              "      <td>70.0</td>\n",
              "      <td>77.0</td>\n",
              "      <td>0</td>\n",
              "    </tr>\n",
              "  </tbody>\n",
              "</table>\n",
              "</div>\n",
              "      <button class=\"colab-df-convert\" onclick=\"convertToInteractive('df-277de2cf-fe8f-4fe1-a5d2-bd5182996a9f')\"\n",
              "              title=\"Convert this dataframe to an interactive table.\"\n",
              "              style=\"display:none;\">\n",
              "        \n",
              "  <svg xmlns=\"http://www.w3.org/2000/svg\" height=\"24px\"viewBox=\"0 0 24 24\"\n",
              "       width=\"24px\">\n",
              "    <path d=\"M0 0h24v24H0V0z\" fill=\"none\"/>\n",
              "    <path d=\"M18.56 5.44l.94 2.06.94-2.06 2.06-.94-2.06-.94-.94-2.06-.94 2.06-2.06.94zm-11 1L8.5 8.5l.94-2.06 2.06-.94-2.06-.94L8.5 2.5l-.94 2.06-2.06.94zm10 10l.94 2.06.94-2.06 2.06-.94-2.06-.94-.94-2.06-.94 2.06-2.06.94z\"/><path d=\"M17.41 7.96l-1.37-1.37c-.4-.4-.92-.59-1.43-.59-.52 0-1.04.2-1.43.59L10.3 9.45l-7.72 7.72c-.78.78-.78 2.05 0 2.83L4 21.41c.39.39.9.59 1.41.59.51 0 1.02-.2 1.41-.59l7.78-7.78 2.81-2.81c.8-.78.8-2.07 0-2.86zM5.41 20L4 18.59l7.72-7.72 1.47 1.35L5.41 20z\"/>\n",
              "  </svg>\n",
              "      </button>\n",
              "      \n",
              "  <style>\n",
              "    .colab-df-container {\n",
              "      display:flex;\n",
              "      flex-wrap:wrap;\n",
              "      gap: 12px;\n",
              "    }\n",
              "\n",
              "    .colab-df-convert {\n",
              "      background-color: #E8F0FE;\n",
              "      border: none;\n",
              "      border-radius: 50%;\n",
              "      cursor: pointer;\n",
              "      display: none;\n",
              "      fill: #1967D2;\n",
              "      height: 32px;\n",
              "      padding: 0 0 0 0;\n",
              "      width: 32px;\n",
              "    }\n",
              "\n",
              "    .colab-df-convert:hover {\n",
              "      background-color: #E2EBFA;\n",
              "      box-shadow: 0px 1px 2px rgba(60, 64, 67, 0.3), 0px 1px 3px 1px rgba(60, 64, 67, 0.15);\n",
              "      fill: #174EA6;\n",
              "    }\n",
              "\n",
              "    [theme=dark] .colab-df-convert {\n",
              "      background-color: #3B4455;\n",
              "      fill: #D2E3FC;\n",
              "    }\n",
              "\n",
              "    [theme=dark] .colab-df-convert:hover {\n",
              "      background-color: #434B5C;\n",
              "      box-shadow: 0px 1px 3px 1px rgba(0, 0, 0, 0.15);\n",
              "      filter: drop-shadow(0px 1px 2px rgba(0, 0, 0, 0.3));\n",
              "      fill: #FFFFFF;\n",
              "    }\n",
              "  </style>\n",
              "\n",
              "      <script>\n",
              "        const buttonEl =\n",
              "          document.querySelector('#df-277de2cf-fe8f-4fe1-a5d2-bd5182996a9f button.colab-df-convert');\n",
              "        buttonEl.style.display =\n",
              "          google.colab.kernel.accessAllowed ? 'block' : 'none';\n",
              "\n",
              "        async function convertToInteractive(key) {\n",
              "          const element = document.querySelector('#df-277de2cf-fe8f-4fe1-a5d2-bd5182996a9f');\n",
              "          const dataTable =\n",
              "            await google.colab.kernel.invokeFunction('convertToInteractive',\n",
              "                                                     [key], {});\n",
              "          if (!dataTable) return;\n",
              "\n",
              "          const docLinkHtml = 'Like what you see? Visit the ' +\n",
              "            '<a target=\"_blank\" href=https://colab.research.google.com/notebooks/data_table.ipynb>data table notebook</a>'\n",
              "            + ' to learn more about interactive tables.';\n",
              "          element.innerHTML = '';\n",
              "          dataTable['output_type'] = 'display_data';\n",
              "          await google.colab.output.renderOutput(dataTable, element);\n",
              "          const docLink = document.createElement('div');\n",
              "          docLink.innerHTML = docLinkHtml;\n",
              "          element.appendChild(docLink);\n",
              "        }\n",
              "      </script>\n",
              "    </div>\n",
              "  </div>\n",
              "  "
            ]
          },
          "metadata": {},
          "execution_count": 5
        }
      ],
      "source": [
        "dataset1.head()"
      ]
    },
    {
      "cell_type": "code",
      "execution_count": 6,
      "metadata": {
        "colab": {
          "base_uri": "https://localhost:8080/"
        },
        "id": "YZbFU6lERFWk",
        "outputId": "b4d115d2-3e57-422d-c8ac-de984f8dc6f9"
      },
      "outputs": [
        {
          "output_type": "stream",
          "name": "stdout",
          "text": [
            "<class 'pandas.core.frame.DataFrame'>\n",
            "RangeIndex: 3390 entries, 0 to 3389\n",
            "Data columns (total 17 columns):\n",
            " #   Column           Non-Null Count  Dtype  \n",
            "---  ------           --------------  -----  \n",
            " 0   id               3390 non-null   int64  \n",
            " 1   age              3390 non-null   int64  \n",
            " 2   education        3303 non-null   float64\n",
            " 3   sex              3390 non-null   object \n",
            " 4   is_smoking       3390 non-null   object \n",
            " 5   cigsPerDay       3368 non-null   float64\n",
            " 6   BPMeds           3346 non-null   float64\n",
            " 7   prevalentStroke  3390 non-null   int64  \n",
            " 8   prevalentHyp     3390 non-null   int64  \n",
            " 9   diabetes         3390 non-null   int64  \n",
            " 10  totChol          3352 non-null   float64\n",
            " 11  sysBP            3390 non-null   float64\n",
            " 12  diaBP            3390 non-null   float64\n",
            " 13  BMI              3376 non-null   float64\n",
            " 14  heartRate        3389 non-null   float64\n",
            " 15  glucose          3086 non-null   float64\n",
            " 16  TenYearCHD       3390 non-null   int64  \n",
            "dtypes: float64(9), int64(6), object(2)\n",
            "memory usage: 450.4+ KB\n"
          ]
        }
      ],
      "source": [
        "dataset1.info()"
      ]
    },
    {
      "cell_type": "code",
      "source": [
        "dataset1.shape"
      ],
      "metadata": {
        "colab": {
          "base_uri": "https://localhost:8080/"
        },
        "id": "vi29TrZmnieX",
        "outputId": "46898bde-9674-4a54-80a4-ad7b8f6610e5"
      },
      "execution_count": 7,
      "outputs": [
        {
          "output_type": "execute_result",
          "data": {
            "text/plain": [
              "(3390, 17)"
            ]
          },
          "metadata": {},
          "execution_count": 7
        }
      ]
    },
    {
      "cell_type": "code",
      "source": [
        "dataset1.rename(columns={\"TenYearCHD\":\"RISK\"},inplace=True)"
      ],
      "metadata": {
        "id": "Xk5kO-yJGUNA"
      },
      "execution_count": 8,
      "outputs": []
    },
    {
      "cell_type": "markdown",
      "source": [
        "***Correlation Matrix***\n",
        "\n",
        "*Its necessary to remove correlated variables to improve your model.One can find correlations using pandas “.corr()” function and can visualize the correlation matrix using plotly express.*\n",
        "\n",
        "* *Lighter shades represents positive correlation*\n",
        "* *Darker shades represents negative correlation*\n",
        "\n"
      ],
      "metadata": {
        "id": "z529CGqQHarE"
      }
    },
    {
      "cell_type": "code",
      "source": [
        "px.imshow(dataset1.corr(),title=\"Correlation Plot of the Heat Failure Prediction\")"
      ],
      "metadata": {
        "id": "ZgqK999cJjKs",
        "outputId": "d82cf1f1-ac1e-4b20-9f4d-375fb41faa5a",
        "colab": {
          "base_uri": "https://localhost:8080/",
          "height": 542
        }
      },
      "execution_count": 9,
      "outputs": [
        {
          "output_type": "display_data",
          "data": {
            "text/html": [
              "<html>\n",
              "<head><meta charset=\"utf-8\" /></head>\n",
              "<body>\n",
              "    <div>            <script src=\"https://cdnjs.cloudflare.com/ajax/libs/mathjax/2.7.5/MathJax.js?config=TeX-AMS-MML_SVG\"></script><script type=\"text/javascript\">if (window.MathJax) {MathJax.Hub.Config({SVG: {font: \"STIX-Web\"}});}</script>                <script type=\"text/javascript\">window.PlotlyConfig = {MathJaxConfig: 'local'};</script>\n",
              "        <script src=\"https://cdn.plot.ly/plotly-2.8.3.min.js\"></script>                <div id=\"f5dff987-7603-4c11-b630-3991292f1cae\" class=\"plotly-graph-div\" style=\"height:525px; width:100%;\"></div>            <script type=\"text/javascript\">                                    window.PLOTLYENV=window.PLOTLYENV || {};                                    if (document.getElementById(\"f5dff987-7603-4c11-b630-3991292f1cae\")) {                    Plotly.newPlot(                        \"f5dff987-7603-4c11-b630-3991292f1cae\",                        [{\"coloraxis\":\"coloraxis\",\"name\":\"0\",\"x\":[\"id\",\"age\",\"education\",\"cigsPerDay\",\"BPMeds\",\"prevalentStroke\",\"prevalentHyp\",\"diabetes\",\"totChol\",\"sysBP\",\"diaBP\",\"BMI\",\"heartRate\",\"glucose\",\"RISK\"],\"y\":[\"id\",\"age\",\"education\",\"cigsPerDay\",\"BPMeds\",\"prevalentStroke\",\"prevalentHyp\",\"diabetes\",\"totChol\",\"sysBP\",\"diaBP\",\"BMI\",\"heartRate\",\"glucose\",\"RISK\"],\"z\":[[1.0,0.016758550224541622,-0.030573438247888867,-0.017249012489278914,0.007080410530597648,-0.03887260677238431,0.013235730248357773,0.0036895228657047373,-0.019889279308185584,0.01967555778442118,0.0008318195683964734,0.03984897170856371,0.024683658086017926,0.015517442662996088,0.00986586343595811],[0.016758550224541622,1.0,-0.17255918107333343,-0.19233459751444162,0.12437600075318332,0.05903826362105777,0.30882582207602843,0.10787464818340159,0.2740281591437942,0.40484494477421695,0.22189569715141214,0.1381763014113282,-0.002596095262525575,0.11613524479822306,0.2249269353022855],[-0.030573438247888867,-0.17255918107333343,1.0,0.01112581035286494,-0.01991954252302396,-0.034193662573448386,-0.08481743527268046,-0.05201325248208826,-0.020780831769109706,-0.13719507164875086,-0.06080082930676977,-0.13331337517198227,-0.046980046532064335,-0.03873236287376738,-0.05275053660738382],[-0.017249012489278914,-0.19233459751444162,0.01112581035286494,1.0,-0.037079669921080284,-0.042056981093892984,-0.07931208175643535,-0.04901642096448994,-0.024702783089160067,-0.10083429274593564,-0.06878487507543526,-0.10099570277088303,0.06675879162323782,-0.06879658525479422,0.06677816923660997],[0.007080410530597648,0.12437600075318332,-0.01991954252302396,-0.037079669921080284,1.0,0.1194024751220792,0.25954761028473855,0.07131631275437343,0.08329944487579694,0.2637293322968167,0.2012170042796497,0.08793150910513249,0.01810714613379873,0.06448977118824305,0.08801971467631857],[-0.03887260677238431,0.05903826362105777,-0.034193662573448386,-0.042056981093892984,0.1194024751220792,1.0,0.07165156492524406,0.010115213703277484,-0.010831612111078947,0.0575682969953483,0.04723532653215878,0.01860199149327022,-0.019184491422192015,0.023607159678316544,0.06862666718348889],[0.013235730248357773,0.30882582207602843,-0.08481743527268046,-0.07931208175643535,0.25954761028473855,0.07165156492524406,1.0,0.08256545046290868,0.15967971667811748,0.6992852437687498,0.612897104477633,0.3004641882319408,0.15081467536244825,0.08665825221485611,0.16654445825296066],[0.0036895228657047373,0.10787464818340159,-0.05201325248208826,-0.04901642096448994,0.07131631275437343,0.010115213703277484,0.08256545046290868,1.0,0.05908040716917126,0.12401095281673344,0.06116544264020156,0.08911210207937792,0.03974243418479642,0.6202105822947662,0.10368082846743111],[-0.019889279308185584,0.2740281591437942,-0.020780831769109706,-0.024702783089160067,0.08329944487579694,-0.010831612111078947,0.15967971667811748,0.05908040716917126,1.0,0.19915940589189485,0.15497398814368427,0.11430512149926308,0.08745806028155229,0.06272256573047662,0.0943059624133833],[0.01967555778442118,0.40484494477421695,-0.13719507164875086,-0.10083429274593564,0.2637293322968167,0.0575682969953483,0.6992852437687498,0.12401095281673344,0.19915940589189485,1.0,0.78190750631695,0.33386400632127033,0.17826241480067434,0.14308994988398738,0.21270292021881637],[0.0008318195683964734,0.22189569715141214,-0.06080082930676977,-0.06878487507543526,0.2012170042796497,0.04723532653215878,0.612897104477633,0.06116544264020156,0.15497398814368427,0.78190750631695,1.0,0.38049804720596037,0.17490396803694364,0.07149942530800885,0.13597864735577783],[0.03984897170856371,0.1381763014113282,-0.13331337517198227,-0.10099570277088303,0.08793150910513249,0.01860199149327022,0.3004641882319408,0.08911210207937792,0.11430512149926308,0.33386400632127033,0.38049804720596037,1.0,0.06965497786283027,0.09345371297896392,0.06694663158027386],[0.024683658086017926,-0.002596095262525575,-0.046980046532064335,0.06675879162323782,0.01810714613379873,-0.019184491422192015,0.15081467536244825,0.03974243418479642,0.08745806028155229,0.17826241480067434,0.17490396803694364,0.06965497786283027,1.0,0.08833405971189173,0.020241084159932875],[0.015517442662996088,0.11613524479822306,-0.03873236287376738,-0.06879658525479422,0.06448977118824305,0.023607159678316544,0.08665825221485611,0.6202105822947662,0.06272256573047662,0.14308994988398738,0.07149942530800885,0.09345371297896392,0.08833405971189173,1.0,0.13819981727141112],[0.00986586343595811,0.2249269353022855,-0.05275053660738382,0.06677816923660997,0.08801971467631857,0.06862666718348889,0.16654445825296066,0.10368082846743111,0.0943059624133833,0.21270292021881637,0.13597864735577783,0.06694663158027386,0.020241084159932875,0.13819981727141112,1.0]],\"type\":\"heatmap\",\"xaxis\":\"x\",\"yaxis\":\"y\",\"hovertemplate\":\"x: %{x}<br>y: %{y}<br>color: %{z}<extra></extra>\"}],                        {\"template\":{\"data\":{\"bar\":[{\"error_x\":{\"color\":\"#2a3f5f\"},\"error_y\":{\"color\":\"#2a3f5f\"},\"marker\":{\"line\":{\"color\":\"#E5ECF6\",\"width\":0.5},\"pattern\":{\"fillmode\":\"overlay\",\"size\":10,\"solidity\":0.2}},\"type\":\"bar\"}],\"barpolar\":[{\"marker\":{\"line\":{\"color\":\"#E5ECF6\",\"width\":0.5},\"pattern\":{\"fillmode\":\"overlay\",\"size\":10,\"solidity\":0.2}},\"type\":\"barpolar\"}],\"carpet\":[{\"aaxis\":{\"endlinecolor\":\"#2a3f5f\",\"gridcolor\":\"white\",\"linecolor\":\"white\",\"minorgridcolor\":\"white\",\"startlinecolor\":\"#2a3f5f\"},\"baxis\":{\"endlinecolor\":\"#2a3f5f\",\"gridcolor\":\"white\",\"linecolor\":\"white\",\"minorgridcolor\":\"white\",\"startlinecolor\":\"#2a3f5f\"},\"type\":\"carpet\"}],\"choropleth\":[{\"colorbar\":{\"outlinewidth\":0,\"ticks\":\"\"},\"type\":\"choropleth\"}],\"contour\":[{\"colorbar\":{\"outlinewidth\":0,\"ticks\":\"\"},\"colorscale\":[[0.0,\"#0d0887\"],[0.1111111111111111,\"#46039f\"],[0.2222222222222222,\"#7201a8\"],[0.3333333333333333,\"#9c179e\"],[0.4444444444444444,\"#bd3786\"],[0.5555555555555556,\"#d8576b\"],[0.6666666666666666,\"#ed7953\"],[0.7777777777777778,\"#fb9f3a\"],[0.8888888888888888,\"#fdca26\"],[1.0,\"#f0f921\"]],\"type\":\"contour\"}],\"contourcarpet\":[{\"colorbar\":{\"outlinewidth\":0,\"ticks\":\"\"},\"type\":\"contourcarpet\"}],\"heatmap\":[{\"colorbar\":{\"outlinewidth\":0,\"ticks\":\"\"},\"colorscale\":[[0.0,\"#0d0887\"],[0.1111111111111111,\"#46039f\"],[0.2222222222222222,\"#7201a8\"],[0.3333333333333333,\"#9c179e\"],[0.4444444444444444,\"#bd3786\"],[0.5555555555555556,\"#d8576b\"],[0.6666666666666666,\"#ed7953\"],[0.7777777777777778,\"#fb9f3a\"],[0.8888888888888888,\"#fdca26\"],[1.0,\"#f0f921\"]],\"type\":\"heatmap\"}],\"heatmapgl\":[{\"colorbar\":{\"outlinewidth\":0,\"ticks\":\"\"},\"colorscale\":[[0.0,\"#0d0887\"],[0.1111111111111111,\"#46039f\"],[0.2222222222222222,\"#7201a8\"],[0.3333333333333333,\"#9c179e\"],[0.4444444444444444,\"#bd3786\"],[0.5555555555555556,\"#d8576b\"],[0.6666666666666666,\"#ed7953\"],[0.7777777777777778,\"#fb9f3a\"],[0.8888888888888888,\"#fdca26\"],[1.0,\"#f0f921\"]],\"type\":\"heatmapgl\"}],\"histogram\":[{\"marker\":{\"pattern\":{\"fillmode\":\"overlay\",\"size\":10,\"solidity\":0.2}},\"type\":\"histogram\"}],\"histogram2d\":[{\"colorbar\":{\"outlinewidth\":0,\"ticks\":\"\"},\"colorscale\":[[0.0,\"#0d0887\"],[0.1111111111111111,\"#46039f\"],[0.2222222222222222,\"#7201a8\"],[0.3333333333333333,\"#9c179e\"],[0.4444444444444444,\"#bd3786\"],[0.5555555555555556,\"#d8576b\"],[0.6666666666666666,\"#ed7953\"],[0.7777777777777778,\"#fb9f3a\"],[0.8888888888888888,\"#fdca26\"],[1.0,\"#f0f921\"]],\"type\":\"histogram2d\"}],\"histogram2dcontour\":[{\"colorbar\":{\"outlinewidth\":0,\"ticks\":\"\"},\"colorscale\":[[0.0,\"#0d0887\"],[0.1111111111111111,\"#46039f\"],[0.2222222222222222,\"#7201a8\"],[0.3333333333333333,\"#9c179e\"],[0.4444444444444444,\"#bd3786\"],[0.5555555555555556,\"#d8576b\"],[0.6666666666666666,\"#ed7953\"],[0.7777777777777778,\"#fb9f3a\"],[0.8888888888888888,\"#fdca26\"],[1.0,\"#f0f921\"]],\"type\":\"histogram2dcontour\"}],\"mesh3d\":[{\"colorbar\":{\"outlinewidth\":0,\"ticks\":\"\"},\"type\":\"mesh3d\"}],\"parcoords\":[{\"line\":{\"colorbar\":{\"outlinewidth\":0,\"ticks\":\"\"}},\"type\":\"parcoords\"}],\"pie\":[{\"automargin\":true,\"type\":\"pie\"}],\"scatter\":[{\"marker\":{\"colorbar\":{\"outlinewidth\":0,\"ticks\":\"\"}},\"type\":\"scatter\"}],\"scatter3d\":[{\"line\":{\"colorbar\":{\"outlinewidth\":0,\"ticks\":\"\"}},\"marker\":{\"colorbar\":{\"outlinewidth\":0,\"ticks\":\"\"}},\"type\":\"scatter3d\"}],\"scattercarpet\":[{\"marker\":{\"colorbar\":{\"outlinewidth\":0,\"ticks\":\"\"}},\"type\":\"scattercarpet\"}],\"scattergeo\":[{\"marker\":{\"colorbar\":{\"outlinewidth\":0,\"ticks\":\"\"}},\"type\":\"scattergeo\"}],\"scattergl\":[{\"marker\":{\"colorbar\":{\"outlinewidth\":0,\"ticks\":\"\"}},\"type\":\"scattergl\"}],\"scattermapbox\":[{\"marker\":{\"colorbar\":{\"outlinewidth\":0,\"ticks\":\"\"}},\"type\":\"scattermapbox\"}],\"scatterpolar\":[{\"marker\":{\"colorbar\":{\"outlinewidth\":0,\"ticks\":\"\"}},\"type\":\"scatterpolar\"}],\"scatterpolargl\":[{\"marker\":{\"colorbar\":{\"outlinewidth\":0,\"ticks\":\"\"}},\"type\":\"scatterpolargl\"}],\"scatterternary\":[{\"marker\":{\"colorbar\":{\"outlinewidth\":0,\"ticks\":\"\"}},\"type\":\"scatterternary\"}],\"surface\":[{\"colorbar\":{\"outlinewidth\":0,\"ticks\":\"\"},\"colorscale\":[[0.0,\"#0d0887\"],[0.1111111111111111,\"#46039f\"],[0.2222222222222222,\"#7201a8\"],[0.3333333333333333,\"#9c179e\"],[0.4444444444444444,\"#bd3786\"],[0.5555555555555556,\"#d8576b\"],[0.6666666666666666,\"#ed7953\"],[0.7777777777777778,\"#fb9f3a\"],[0.8888888888888888,\"#fdca26\"],[1.0,\"#f0f921\"]],\"type\":\"surface\"}],\"table\":[{\"cells\":{\"fill\":{\"color\":\"#EBF0F8\"},\"line\":{\"color\":\"white\"}},\"header\":{\"fill\":{\"color\":\"#C8D4E3\"},\"line\":{\"color\":\"white\"}},\"type\":\"table\"}]},\"layout\":{\"annotationdefaults\":{\"arrowcolor\":\"#2a3f5f\",\"arrowhead\":0,\"arrowwidth\":1},\"autotypenumbers\":\"strict\",\"coloraxis\":{\"colorbar\":{\"outlinewidth\":0,\"ticks\":\"\"}},\"colorscale\":{\"diverging\":[[0,\"#8e0152\"],[0.1,\"#c51b7d\"],[0.2,\"#de77ae\"],[0.3,\"#f1b6da\"],[0.4,\"#fde0ef\"],[0.5,\"#f7f7f7\"],[0.6,\"#e6f5d0\"],[0.7,\"#b8e186\"],[0.8,\"#7fbc41\"],[0.9,\"#4d9221\"],[1,\"#276419\"]],\"sequential\":[[0.0,\"#0d0887\"],[0.1111111111111111,\"#46039f\"],[0.2222222222222222,\"#7201a8\"],[0.3333333333333333,\"#9c179e\"],[0.4444444444444444,\"#bd3786\"],[0.5555555555555556,\"#d8576b\"],[0.6666666666666666,\"#ed7953\"],[0.7777777777777778,\"#fb9f3a\"],[0.8888888888888888,\"#fdca26\"],[1.0,\"#f0f921\"]],\"sequentialminus\":[[0.0,\"#0d0887\"],[0.1111111111111111,\"#46039f\"],[0.2222222222222222,\"#7201a8\"],[0.3333333333333333,\"#9c179e\"],[0.4444444444444444,\"#bd3786\"],[0.5555555555555556,\"#d8576b\"],[0.6666666666666666,\"#ed7953\"],[0.7777777777777778,\"#fb9f3a\"],[0.8888888888888888,\"#fdca26\"],[1.0,\"#f0f921\"]]},\"colorway\":[\"#636efa\",\"#EF553B\",\"#00cc96\",\"#ab63fa\",\"#FFA15A\",\"#19d3f3\",\"#FF6692\",\"#B6E880\",\"#FF97FF\",\"#FECB52\"],\"font\":{\"color\":\"#2a3f5f\"},\"geo\":{\"bgcolor\":\"white\",\"lakecolor\":\"white\",\"landcolor\":\"#E5ECF6\",\"showlakes\":true,\"showland\":true,\"subunitcolor\":\"white\"},\"hoverlabel\":{\"align\":\"left\"},\"hovermode\":\"closest\",\"mapbox\":{\"style\":\"light\"},\"paper_bgcolor\":\"white\",\"plot_bgcolor\":\"#E5ECF6\",\"polar\":{\"angularaxis\":{\"gridcolor\":\"white\",\"linecolor\":\"white\",\"ticks\":\"\"},\"bgcolor\":\"#E5ECF6\",\"radialaxis\":{\"gridcolor\":\"white\",\"linecolor\":\"white\",\"ticks\":\"\"}},\"scene\":{\"xaxis\":{\"backgroundcolor\":\"#E5ECF6\",\"gridcolor\":\"white\",\"gridwidth\":2,\"linecolor\":\"white\",\"showbackground\":true,\"ticks\":\"\",\"zerolinecolor\":\"white\"},\"yaxis\":{\"backgroundcolor\":\"#E5ECF6\",\"gridcolor\":\"white\",\"gridwidth\":2,\"linecolor\":\"white\",\"showbackground\":true,\"ticks\":\"\",\"zerolinecolor\":\"white\"},\"zaxis\":{\"backgroundcolor\":\"#E5ECF6\",\"gridcolor\":\"white\",\"gridwidth\":2,\"linecolor\":\"white\",\"showbackground\":true,\"ticks\":\"\",\"zerolinecolor\":\"white\"}},\"shapedefaults\":{\"line\":{\"color\":\"#2a3f5f\"}},\"ternary\":{\"aaxis\":{\"gridcolor\":\"white\",\"linecolor\":\"white\",\"ticks\":\"\"},\"baxis\":{\"gridcolor\":\"white\",\"linecolor\":\"white\",\"ticks\":\"\"},\"bgcolor\":\"#E5ECF6\",\"caxis\":{\"gridcolor\":\"white\",\"linecolor\":\"white\",\"ticks\":\"\"}},\"title\":{\"x\":0.05},\"xaxis\":{\"automargin\":true,\"gridcolor\":\"white\",\"linecolor\":\"white\",\"ticks\":\"\",\"title\":{\"standoff\":15},\"zerolinecolor\":\"white\",\"zerolinewidth\":2},\"yaxis\":{\"automargin\":true,\"gridcolor\":\"white\",\"linecolor\":\"white\",\"ticks\":\"\",\"title\":{\"standoff\":15},\"zerolinecolor\":\"white\",\"zerolinewidth\":2}}},\"xaxis\":{\"anchor\":\"y\",\"domain\":[0.0,1.0],\"scaleanchor\":\"y\",\"constrain\":\"domain\"},\"yaxis\":{\"anchor\":\"x\",\"domain\":[0.0,1.0],\"autorange\":\"reversed\",\"constrain\":\"domain\"},\"coloraxis\":{\"colorscale\":[[0.0,\"#0d0887\"],[0.1111111111111111,\"#46039f\"],[0.2222222222222222,\"#7201a8\"],[0.3333333333333333,\"#9c179e\"],[0.4444444444444444,\"#bd3786\"],[0.5555555555555556,\"#d8576b\"],[0.6666666666666666,\"#ed7953\"],[0.7777777777777778,\"#fb9f3a\"],[0.8888888888888888,\"#fdca26\"],[1.0,\"#f0f921\"]]},\"title\":{\"text\":\"Correlation Plot of the Heat Failure Prediction\"}},                        {\"responsive\": true}                    ).then(function(){\n",
              "                            \n",
              "var gd = document.getElementById('f5dff987-7603-4c11-b630-3991292f1cae');\n",
              "var x = new MutationObserver(function (mutations, observer) {{\n",
              "        var display = window.getComputedStyle(gd).display;\n",
              "        if (!display || display === 'none') {{\n",
              "            console.log([gd, 'removed!']);\n",
              "            Plotly.purge(gd);\n",
              "            observer.disconnect();\n",
              "        }}\n",
              "}});\n",
              "\n",
              "// Listen for the removal of the full notebook cells\n",
              "var notebookContainer = gd.closest('#notebook-container');\n",
              "if (notebookContainer) {{\n",
              "    x.observe(notebookContainer, {childList: true});\n",
              "}}\n",
              "\n",
              "// Listen for the clearing of the current output cell\n",
              "var outputEl = gd.closest('.output');\n",
              "if (outputEl) {{\n",
              "    x.observe(outputEl, {childList: true});\n",
              "}}\n",
              "\n",
              "                        })                };                            </script>        </div>\n",
              "</body>\n",
              "</html>"
            ]
          },
          "metadata": {}
        }
      ]
    },
    {
      "cell_type": "code",
      "source": [
        "dependent_variable = 'RISK'  \n",
        "independent_variables = list(set(dataset1.columns.tolist())-{dependent_variable})"
      ],
      "metadata": {
        "id": "RVS_YKQbE8CR"
      },
      "execution_count": 10,
      "outputs": []
    },
    {
      "cell_type": "markdown",
      "source": [
        "### ***Data Preprocessing***\n",
        "\n",
        "*Data preprocessing is an integral step in Machine Learning as the quality of data and the useful information that can be derived from it directly affects the ability of our model to learn; therefore, it is extremely important that we preprocess our data before feeding it into our model.*\n",
        "\n",
        "*The concepts that I will cover in this project are*\n",
        "\n",
        "* *Handling Null Values*\n",
        "* *Feature Scaling*\n",
        "* *Handling Categorical Variables*\n",
        "\n",
        "\n",
        "\n"
      ],
      "metadata": {
        "id": "LfzptVJ_Y4oa"
      }
    },
    {
      "cell_type": "markdown",
      "source": [
        "### Handling Null Values :"
      ],
      "metadata": {
        "id": "QOmyA8UPbLYI"
      }
    },
    {
      "cell_type": "code",
      "source": [
        "dataset1.isnull().sum()"
      ],
      "metadata": {
        "colab": {
          "base_uri": "https://localhost:8080/"
        },
        "id": "O8ZUSXiI83Um",
        "outputId": "b3091fdb-7939-411b-839b-830e4190f8b6"
      },
      "execution_count": 11,
      "outputs": [
        {
          "output_type": "execute_result",
          "data": {
            "text/plain": [
              "id                   0\n",
              "age                  0\n",
              "education           87\n",
              "sex                  0\n",
              "is_smoking           0\n",
              "cigsPerDay          22\n",
              "BPMeds              44\n",
              "prevalentStroke      0\n",
              "prevalentHyp         0\n",
              "diabetes             0\n",
              "totChol             38\n",
              "sysBP                0\n",
              "diaBP                0\n",
              "BMI                 14\n",
              "heartRate            1\n",
              "glucose            304\n",
              "RISK                 0\n",
              "dtype: int64"
            ]
          },
          "metadata": {},
          "execution_count": 11
        }
      ]
    },
    {
      "cell_type": "code",
      "source": [
        "sns.heatmap(dataset1.isnull(),yticklabels=False,cbar=False,cmap='viridis')"
      ],
      "metadata": {
        "colab": {
          "base_uri": "https://localhost:8080/",
          "height": 351
        },
        "id": "WKnfkJ569g6l",
        "outputId": "ee31b9c0-a876-4a90-a009-b2fa65613e49"
      },
      "execution_count": 12,
      "outputs": [
        {
          "output_type": "execute_result",
          "data": {
            "text/plain": [
              "<matplotlib.axes._subplots.AxesSubplot at 0x7fc15b6e43d0>"
            ]
          },
